100 100
-31.41592654 -1
-30.78760801 -1.250732585
-30.15928947 -1.266889441
-29.53097094 -1.234907562
-28.90265241 -1.285065395
-28.27433388 -1.267459099
-27.64601535 -1.281600537
-27.01769682 -1.349742611
-26.38937829 -1.629926883
-25.76105976 -2.072423225
-25.13274123 -1.972253348
-24.5044227 -2.082793592
-23.87610417 -2.540152621
-23.24778564 -2.456521792
-22.61946711 -2.586025886
-21.99114858 -2.541807462
-21.36283004 -2.578984503
-20.73451151 -2.755600817
-20.10619298 -3.339938861
-19.47787445 -2.952782826
-18.84955592 -3.053444151
-18.22123739 -2.941896956
-17.59291886 -2.481764665
-16.96460033 -2.579693897
-16.3362818 -2.428884431
-15.70796327 -2.479782939
-15.07964474 -2.436202124
-14.45132621 -2.230455594
-13.82300768 -1.613938289
-13.19468915 -2.065784277
-12.56637061 -1.96811118
-11.93805208 -2.073720478
-11.30973355 -2.516972284
-10.68141502 -2.505431624
-10.05309649 -2.523565346
-9.424777961 -2.517173073
-8.79645943 -2.522270096
-8.168140899 -2.546881718
-7.539822369 -2.651272267
-6.911503838 -2.945709472
-6.283185307 -3.048885315
-5.654866776 -2.931977078
-5.026548246 -2.457713577
-4.398229715 -2.628886677
-3.769911184 -2.376139413
-3.141592654 -2.454834411
-2.513274123 -2.379515012
-1.884955592 -2.040132627
-1.256637061 -1.602999695
-0.6283185307 -2.059582388
0 -1.964338979
0.6283185307 -2.065418286
1.256637061 -2.494961654
1.884955592 -2.552031858
2.513274123 -2.462951793
3.141592654 -2.49389381
3.769911184 -2.468596324
4.398229715 -2.347337813
5.026548246 -1.886880935
5.654866776 -1.882428012
6.283185307 -1.88399864
6.911503838 -1.88274756
7.539822369 -1.876704805
8.168140899 -1.850962837
8.79645943 -1.772721335
9.424777961 -1.706580893
10.05309649 -1.910071967
10.68141502 -1.841514717
11.30973355 -1.976022638
11.93805208 -1.772602996
12.56637061 -1.838805686
13.19468915 -1.779004968
13.82300768 -1.502415701
14.45132621 -0.9143782984
15.07964474 -1.372386472
15.70796327 -1.30440699
16.3362818 -1.366267546
16.96460033 -1.65150004
17.59291886 -2.225535428
18.22123739 -1.76699963
18.84955592 -1.836122832
19.47787445 -1.772913095
20.10619298 -1.482067492
20.73451151 -0.9183256105
21.36283004 -1.377522951
21.99114858 -1.306894109
22.61946711 -1.37190906
23.24778564 -1.670203809
23.87610417 -2.218844382
24.5044227 -1.758527163
25.13274123 -1.831962505
25.76105976 -1.763489086
26.38937829 -1.45112544
27.01769682 -0.9354004638
27.64601535 -1.397676968
28.27433388 -1.317118814
28.90265241 -1.394990771
29.53097094 -1.744148194
30.15928947 -2.148170351
30.78760801 -1.700529765
31.41592654 -1.799569214
