1000 1000
-31.41592654 -1
-31.35309468 -1.025073259
-31.29026283 -1.052260883
-31.22743098 -1.080499678
-31.16459912 -1.108562604
-31.10176727 -1.135230885
-31.03893542 -1.159487083
-30.97610356 -1.180656502
-30.91327171 -1.198450695
-30.85043986 -1.212918294
-30.78760801 -1.224344537
-30.72477615 -1.233143913
-30.6619443 -1.239773054
-30.59911245 -1.244672197
-30.53628059 -1.248232437
-30.47344874 -1.250782007
-30.41061689 -1.252584826
-30.34778503 -1.253845983
-30.28495318 -1.254720434
-30.22212133 -1.255322517
-30.15928947 -1.255734927
-30.09645762 -1.256016467
-30.03362577 -1.256208356
-29.97079392 -1.256339155
-29.90796206 -1.256428466
-29.84513021 -1.256489649
-29.78229836 -1.25653176
-29.7194665 -1.256560917
-29.65663465 -1.256581249
-29.5938028 -1.256595543
-29.53097094 -1.256605681
-29.46813909 -1.256612939
-29.40530724 -1.256618185
-29.34247538 -1.256622013
-29.27964353 -1.256624832
-29.21681168 -1.256626925
-29.15397983 -1.256628489
-29.09114797 -1.256629661
-29.02831612 -1.25663054
-28.96548427 -1.256631194
-28.90265241 -1.256631671
-28.83982056 -1.256632006
-28.77698871 -1.256632222
-28.71415685 -1.256632334
-28.651325 -1.256632349
-28.58849315 -1.256632272
-28.52566129 -1.256632099
-28.46282944 -1.256631824
-28.39999759 -1.256631431
-28.33716574 -1.256630903
-28.27433388 -1.256630209
-28.21150203 -1.256629314
-28.14867018 -1.256628164
-28.08583832 -1.256626691
-28.02300647 -1.256624804
-27.96017462 -1.256622381
-27.89734276 -1.25661926
-27.83451091 -1.256615224
-27.77167906 -1.256609985
-27.7088472 -1.256603157
-27.64601535 -1.256594225
-27.5831835 -1.256582501
-27.52035165 -1.25656707
-27.45751979 -1.256546713
-27.39468794 -1.256519813
-27.33185609 -1.256484235
-27.26902423 -1.256437172
-27.20619238 -1.256374957
-27.14336053 -1.256292837
-27.08052867 -1.256184702
-27.01769682 -1.256042782
-26.95486497 -1.255857319
-26.89203311 -1.255616221
-26.82920126 -1.255304762
-26.76636941 -1.254905345
-26.70353756 -1.254397423
-26.6407057 -1.253757651
-26.57787385 -1.252960395
-26.515042 -1.251978684
-26.45221014 -1.25078575
-26.38937829 -1.2493572
-26.32654644 -1.247673863
-26.26371458 -1.24572523
-26.20088273 -1.243513279
-26.13805088 -1.241056345
-26.07521902 -1.238392523
-26.01238717 -1.235581981
-25.94955532 -1.232707519
-25.88672347 -1.22987278
-25.82389161 -1.227197718
-25.76105976 -1.224811316
-25.69822791 -1.222841961
-25.63539605 -1.221406367
-25.5725642 -1.220598331
-25.50973235 -1.220478752
-25.44690049 -1.221068365
-25.38406864 -1.222344314
-25.32123679 -1.224241227
-25.25840493 -1.226656838
-25.19557308 -1.229461518
-25.13274123 -1.232510489
-25.06990938 -1.235657065
-25.00707752 -1.238765113
-24.94424567 -1.241719141
-24.88141382 -1.244430923
-24.81858196 -1.246842223
-24.75575011 -1.248923899
-24.69291826 -1.25067216
-24.6300864 -1.252103069
-24.56725455 -1.253246376
-24.5044227 -1.254139612
-24.44159084 -1.254823089
-24.37875899 -1.255336116
-24.31592714 -1.255714498
-24.25309529 -1.255989177
-24.19026343 -1.256185772
-24.12743158 -1.256324747
-24.06459973 -1.256421954
-24.00176787 -1.25648935
-23.93893602 -1.256535752
-23.87610417 -1.256567536
-23.81327231 -1.256589234
-23.75044046 -1.256604022
-23.68760861 -1.256614102
-23.62477675 -1.256620986
-23.5619449 -1.256625701
-23.49911305 -1.256628946
-23.4362812 -1.256631193
-23.37344934 -1.25663276
-23.31061749 -1.256633862
-23.24778564 -1.256634643
-23.18495378 -1.256635202
-23.12212193 -1.256635607
-23.05929008 -1.256635902
-22.99645822 -1.256636119
-22.93362637 -1.25663628
-22.87079452 -1.256636401
-22.80796267 -1.256636491
-22.74513081 -1.256636559
-22.68229896 -1.256636609
-22.61946711 -1.256636646
-22.55663525 -1.256636672
-22.4938034 -1.256636688
-22.43097155 -1.256636697
-22.36813969 -1.256636698
-22.30530784 -1.256636692
-22.24247599 -1.256636679
-22.17964413 -1.256636658
-22.11681228 -1.256636628
-22.05398043 -1.256636587
-21.99114858 -1.256636533
-21.92831672 -1.256636464
-21.86548487 -1.256636376
-21.80265302 -1.256636262
-21.73982116 -1.256636117
-21.67698931 -1.25663593
-21.61415746 -1.25663569
-21.5513256 -1.256635379
-21.48849375 -1.256634975
-21.4256619 -1.256634448
-21.36283004 -1.25663376
-21.29999819 -1.256632857
-21.23716634 -1.256631667
-21.17433449 -1.256630099
-21.11150263 -1.256628025
-21.04867078 -1.256625284
-20.98583893 -1.256621656
-20.92300707 -1.256616862
-20.86017522 -1.256610533
-20.79734337 -1.256602199
-20.73451151 -1.256591262
-20.67167966 -1.256576969
-20.60884781 -1.256558388
-20.54601595 -1.256534384
-20.4831841 -1.256503602
-20.42035225 -1.256464457
-20.3575204 -1.25641515
-20.29468854 -1.256353705
-20.23185669 -1.256278041
-20.16902484 -1.256186093
-20.10619298 -1.256075978
-20.04336113 -1.255946208
-19.98052928 -1.255795964
-19.91769742 -1.25562538
-19.85486557 -1.255435846
-19.79203372 -1.255230269
-19.72920186 -1.255013256
-19.66637001 -1.254791164
-19.60353816 -1.254571976
-19.54070631 -1.25436496
-19.47787445 -1.254180116
-19.4150426 -1.254027443
-19.35221075 -1.253916062
-19.28937889 -1.253853332
-19.22654704 -1.253844045
-19.16371519 -1.253889837
-19.10088333 -1.253988906
-19.03805148 -1.254136105
-18.97521963 -1.254323404
-18.91238777 -1.254540656
-18.84955592 -1.254776584
-18.78672407 -1.255019813
-18.72389222 -1.255259835
-18.66106036 -1.255487776
-18.59822851 -1.255696886
-18.53539666 -1.255882731
-18.4725648 -1.256043111
-18.40973295 -1.256177768
-18.3469011 -1.256287964
-18.28406924 -1.256376001
-18.22123739 -1.256444777
-18.15840554 -1.256497401
-18.09557368 -1.2565369
-18.03274183 -1.256566033
-17.96990998 -1.25658718
-17.90707813 -1.256602316
-17.84424627 -1.256613016
-17.78141442 -1.2566205
-17.71858257 -1.256625689
-17.65575071 -1.256629262
-17.59291886 -1.256631709
-17.53008701 -1.256633379
-17.46725515 -1.256634518
-17.4044233 -1.256635294
-17.34159145 -1.256635824
-17.27875959 -1.256636187
-17.21592774 -1.256636437
-17.15309589 -1.25663661
-17.09026404 -1.25663673
-17.02743218 -1.256636815
-16.96460033 -1.256636875
-16.90176848 -1.256636918
-16.83893662 -1.256636949
-16.77610477 -1.256636972
-16.71327292 -1.256636989
-16.65044106 -1.256637001
-16.58760921 -1.256637011
-16.52477736 -1.256637018
-16.4619455 -1.256637023
-16.39911365 -1.256637027
-16.3362818 -1.256637029
-16.27344995 -1.256637031
-16.21061809 -1.256637033
-16.14778624 -1.256637033
-16.08495439 -1.256637033
-16.02212253 -1.256637033
-15.95929068 -1.256637032
-15.89645883 -1.25663703
-15.83362697 -1.256637028
-15.77079512 -1.256637025
-15.70796327 -1.256637021
-15.64513141 -1.256637015
-15.58229956 -1.256637009
-15.51946771 -1.256637
-15.45663586 -1.256636989
-15.393804 -1.256636974
-15.33097215 -1.256636956
-15.2681403 -1.256636932
-15.20530844 -1.256636901
-15.14247659 -1.25663686
-15.07964474 -1.256636807
-15.01681288 -1.256636738
-14.95398103 -1.256636646
-14.89114918 -1.256636525
-14.82831732 -1.256636366
-14.76548547 -1.256636155
-14.70265362 -1.256635875
-14.63982177 -1.256635506
-14.57698991 -1.256635019
-14.51415806 -1.256634377
-14.45132621 -1.256633535
-14.38849435 -1.256632435
-14.3256625 -1.256631004
-14.26283065 -1.256629156
-14.19999879 -1.256626786
-14.13716694 -1.256623773
-14.07433509 -1.256619976
-14.01150324 -1.256615246
-13.94867138 -1.25660942
-13.88583953 -1.256602341
-13.82300768 -1.256593863
-13.76017582 -1.256583872
-13.69734397 -1.256572305
-13.63451212 -1.256559171
-13.57168026 -1.256544579
-13.50884841 -1.256528751
-13.44601656 -1.256512043
-13.3831847 -1.256494944
-13.32035285 -1.256478068
-13.257521 -1.25646213
-13.19468915 -1.256447898
-13.13185729 -1.256436143
-13.06902544 -1.256427567
-13.00619359 -1.256422738
-12.94336173 -1.256422023
-12.88052988 -1.256425548
-12.81769803 -1.256433176
-12.75486617 -1.256444509
-12.69203432 -1.25645893
-12.62920247 -1.256475657
-12.56637061 -1.256493822
-12.50353876 -1.256512548
-12.44070691 -1.256531028
-12.37787506 -1.256548578
-12.3150432 -1.256564677
-12.25221135 -1.256578985
-12.1893795 -1.256591333
-12.12654764 -1.2566017
-12.06371579 -1.256610184
-12.00088394 -1.256616962
-11.93805208 -1.256622257
-11.87522023 -1.256626309
-11.81238838 -1.25662935
-11.74955652 -1.256631593
-11.68672467 -1.256633221
-11.62389282 -1.256634386
-11.56106097 -1.25663521
-11.49822911 -1.256635786
-11.43539726 -1.256636186
-11.37256541 -1.256636461
-11.30973355 -1.256636649
-11.2469017 -1.256636778
-11.18406985 -1.256636866
-11.12123799 -1.256636925
-11.05840614 -1.256636966
-10.99557429 -1.256636994
-10.93274243 -1.256637013
-10.86991058 -1.256637027
-10.80707873 -1.256637036
-10.74424688 -1.256637042
-10.68141502 -1.256637047
-10.61858317 -1.25663705
-10.55575132 -1.256637053
-10.49291946 -1.256637055
-10.43008761 -1.256637056
-10.36725576 -1.256637057
-10.3044239 -1.256637058
-10.24159205 -1.256637058
-10.1787602 -1.256637058
-10.11592834 -1.256637059
-10.05309649 -1.256637059
-9.990264638 -1.256637059
-9.927432785 -1.256637059
-9.864600932 -1.256637059
-9.801769079 -1.256637059
-9.738937226 -1.256637059
-9.676105373 -1.256637059
-9.61327352 -1.256637059
-9.550441667 -1.256637059
-9.487609814 -1.256637059
-9.424777961 -1.256637058
-9.361946108 -1.256637058
-9.299114255 -1.256637057
-9.236282402 -1.256637057
-9.173450548 -1.256637056
-9.110618695 -1.256637055
-9.047786842 -1.256637053
-8.984954989 -1.256637051
-8.922123136 -1.256637049
-8.859291283 -1.256637046
-8.79645943 -1.256637042
-8.733627577 -1.256637037
-8.670795724 -1.256637029
-8.607963871 -1.25663702
-8.545132018 -1.256637008
-8.482300165 -1.256636992
-8.419468312 -1.25663697
-8.356636459 -1.256636942
-8.293804605 -1.256636904
-8.230972752 -1.256636855
-8.168140899 -1.25663679
-8.105309046 -1.256636705
-8.042477193 -1.256636595
-7.97964534 -1.256636453
-7.916813487 -1.25663627
-7.853981634 -1.256636038
-7.791149781 -1.256635746
-7.728317928 -1.256635382
-7.665486075 -1.256634933
-7.602654222 -1.256634388
-7.539822369 -1.256633736
-7.476990516 -1.256632966
-7.414158662 -1.256632076
-7.351326809 -1.256631065
-7.288494956 -1.256629941
-7.225663103 -1.256628723
-7.16283125 -1.256627436
-7.099999397 -1.25662612
-7.037167544 -1.256624821
-6.974335691 -1.256623593
-6.911503838 -1.256622498
-6.848671985 -1.256621593
-6.785840132 -1.256620932
-6.723008279 -1.256620561
-6.660176426 -1.256620506
-6.597344573 -1.256620777
-6.534512719 -1.256621364
-6.471680866 -1.256622237
-6.408849013 -1.256623347
-6.34601716 -1.256624635
-6.283185307 -1.256626033
-6.220353454 -1.256627475
-6.157521601 -1.256628898
-6.094689748 -1.256630249
-6.031857895 -1.256631489
-5.969026042 -1.25663259
-5.906194189 -1.256633541
-5.843362336 -1.256634339
-5.780530483 -1.256634992
-5.71769863 -1.256635514
-5.654866776 -1.256635922
-5.592034923 -1.256636234
-5.52920307 -1.256636468
-5.466371217 -1.25663664
-5.403539364 -1.256636766
-5.340707511 -1.256636855
-5.277875658 -1.256636919
-5.215043805 -1.256636963
-5.152211952 -1.256636994
-5.089380099 -1.256637015
-5.026548246 -1.25663703
-4.963716393 -1.25663704
-4.90088454 -1.256637046
-4.838052687 -1.256637051
-4.775220833 -1.256637054
-4.71238898 -1.256637056
-4.649557127 -1.256637058
-4.586725274 -1.256637059
-4.523893421 -1.256637059
-4.461061568 -1.25663706
-4.398229715 -1.25663706
-4.335397862 -1.256637061
-4.272566009 -1.256637061
-4.209734156 -1.256637061
-4.146902303 -1.256637061
-4.08407045 -1.256637061
-4.021238597 -1.256637061
-3.958406744 -1.256637061
-3.89557489 -1.256637061
-3.832743037 -1.256637061
-3.769911184 -1.256637061
-3.707079331 -1.256637061
-3.644247478 -1.256637061
-3.581415625 -1.256637061
-3.518583772 -1.256637061
-3.455751919 -1.256637061
-3.392920066 -1.256637061
-3.330088213 -1.256637061
-3.26725636 -1.256637061
-3.204424507 -1.256637061
-3.141592654 -1.256637061
-3.078760801 -1.256637061
-3.015928947 -1.256637061
-2.953097094 -1.256637061
-2.890265241 -1.256637061
-2.827433388 -1.256637061
-2.764601535 -1.256637061
-2.701769682 -1.256637061
-2.638937829 -1.25663706
-2.576105976 -1.25663706
-2.513274123 -1.25663706
-2.45044227 -1.25663706
-2.387610417 -1.256637059
-2.324778564 -1.256637058
-2.261946711 -1.256637057
-2.199114858 -1.256637056
-2.136283004 -1.256637054
-2.073451151 -1.256637052
-2.010619298 -1.256637049
-1.947787445 -1.256637046
-1.884955592 -1.256637041
-1.822123739 -1.256637034
-1.759291886 -1.256637026
-1.696460033 -1.256637015
-1.63362818 -1.256637001
-1.570796327 -1.256636983
-1.507964474 -1.25663696
-1.445132621 -1.256636932
-1.382300768 -1.256636898
-1.319468915 -1.256636856
-1.256637061 -1.256636805
-1.193805208 -1.256636746
-1.130973355 -1.256636678
-1.068141502 -1.2566366
-1.005309649 -1.256636513
-0.9424777961 -1.256636419
-0.879645943 -1.25663632
-0.8168140899 -1.256636219
-0.7539822369 -1.256636119
-0.6911503838 -1.256636025
-0.6283185307 -1.25663594
-0.5654866776 -1.25663587
-0.5026548246 -1.25663582
-0.4398229715 -1.256635791
-0.3769911184 -1.256635787
-0.3141592654 -1.256635808
-0.2513274123 -1.256635853
-0.1884955592 -1.25663592
-0.1256637061 -1.256636006
-0.06283185307 -1.256636105
-1.50879309e-013 -1.256636212
0.06283185307 -1.256636323
0.1256637061 -1.256636433
0.1884955592 -1.256636537
0.2513274123 -1.256636632
0.3141592654 -1.256636717
0.3769911184 -1.25663679
0.4398229715 -1.256636852
0.5026548246 -1.256636902
0.5654866776 -1.256636942
0.6283185307 -1.256636974
0.6911503838 -1.256636998
0.7539822369 -1.256637016
0.8168140899 -1.256637029
0.879645943 -1.256637039
0.9424777961 -1.256637046
1.005309649 -1.25663705
1.068141502 -1.256637054
1.130973355 -1.256637056
1.193805208 -1.256637058
1.256637061 -1.256637059
1.319468915 -1.25663706
1.382300768 -1.25663706
1.445132621 -1.256637061
1.507964474 -1.256637061
1.570796327 -1.256637061
1.63362818 -1.256637061
1.696460033 -1.256637061
1.759291886 -1.256637061
1.822123739 -1.256637061
1.884955592 -1.256637061
1.947787445 -1.256637061
2.010619298 -1.256637061
2.073451151 -1.256637061
2.136283004 -1.256637061
2.199114858 -1.256637061
2.261946711 -1.256637061
2.324778564 -1.256637061
2.387610417 -1.256637061
2.45044227 -1.256637061
2.513274123 -1.256637061
2.576105976 -1.256637061
2.638937829 -1.256637061
2.701769682 -1.256637061
2.764601535 -1.256637061
2.827433388 -1.256637061
2.890265241 -1.256637061
2.953097094 -1.256637061
3.015928947 -1.256637061
3.078760801 -1.256637061
3.141592654 -1.256637061
3.204424507 -1.256637061
3.26725636 -1.256637061
3.330088213 -1.256637061
3.392920066 -1.256637061
3.455751919 -1.256637061
3.518583772 -1.256637061
3.581415625 -1.256637061
3.644247478 -1.256637061
3.707079331 -1.256637061
3.769911184 -1.256637061
3.832743037 -1.256637061
3.89557489 -1.256637061
3.958406744 -1.256637061
4.021238597 -1.256637061
4.08407045 -1.256637061
4.146902303 -1.256637061
4.209734156 -1.256637061
4.272566009 -1.256637061
4.335397862 -1.25663706
4.398229715 -1.25663706
4.461061568 -1.256637059
4.523893421 -1.256637059
4.586725274 -1.256637058
4.649557127 -1.256637057
4.71238898 -1.256637055
4.775220833 -1.256637054
4.838052687 -1.256637051
4.90088454 -1.256637049
4.963716393 -1.256637046
5.026548246 -1.256637042
5.089380099 -1.256637037
5.152211952 -1.256637032
5.215043805 -1.256637026
5.277875658 -1.256637019
5.340707511 -1.256637012
5.403539364 -1.256637004
5.466371217 -1.256636997
5.52920307 -1.256636989
5.592034923 -1.256636982
5.654866776 -1.256636975
5.71769863 -1.25663697
5.780530483 -1.256636966
5.843362336 -1.256636964
5.906194189 -1.256636963
5.969026042 -1.256636965
6.031857895 -1.256636968
6.094689748 -1.256636974
6.157521601 -1.25663698
6.220353454 -1.256636988
6.283185307 -1.256636996
6.34601716 -1.256637005
6.408849013 -1.256637013
6.471680866 -1.256637021
6.534512719 -1.256637028
6.597344573 -1.256637035
6.660176426 -1.256637041
6.723008279 -1.256637045
6.785840132 -1.256637049
6.848671985 -1.256637052
6.911503838 -1.256637055
6.974335691 -1.256637057
7.037167544 -1.256637058
7.099999397 -1.256637059
7.16283125 -1.25663706
7.225663103 -1.25663706
7.288494956 -1.256637061
7.351326809 -1.256637061
7.414158662 -1.256637061
7.476990516 -1.256637061
7.539822369 -1.256637061
7.602654222 -1.256637061
7.665486075 -1.256637061
7.728317928 -1.256637061
7.791149781 -1.256637061
7.853981634 -1.256637061
7.916813487 -1.256637061
7.97964534 -1.256637061
8.042477193 -1.256637061
8.105309046 -1.256637061
8.168140899 -1.256637061
8.230972752 -1.256637061
8.293804605 -1.256637061
8.356636459 -1.256637061
8.419468312 -1.256637061
8.482300165 -1.256637061
8.545132018 -1.256637061
8.607963871 -1.256637061
8.670795724 -1.256637061
8.733627577 -1.256637061
8.79645943 -1.256637061
8.859291283 -1.256637061
8.922123136 -1.256637061
8.984954989 -1.256637061
9.047786842 -1.256637061
9.110618695 -1.256637061
9.173450548 -1.256637061
9.236282402 -1.256637061
9.299114255 -1.256637061
9.361946108 -1.256637061
9.424777961 -1.256637061
9.487609814 -1.256637061
9.550441667 -1.256637061
9.61327352 -1.256637061
9.676105373 -1.256637061
9.738937226 -1.256637061
9.801769079 -1.256637061
9.864600932 -1.256637061
9.927432785 -1.256637061
9.990264638 -1.256637061
10.05309649 -1.256637061
10.11592834 -1.256637061
10.1787602 -1.256637061
10.24159205 -1.256637061
10.3044239 -1.256637061
10.36725576 -1.256637061
10.43008761 -1.256637061
10.49291946 -1.256637061
10.55575132 -1.256637061
10.61858317 -1.256637061
10.68141502 -1.256637061
10.74424688 -1.256637061
10.80707873 -1.256637061
10.86991058 -1.256637061
10.93274243 -1.256637061
10.99557429 -1.256637061
11.05840614 -1.256637061
11.12123799 -1.256637061
11.18406985 -1.25663706
11.2469017 -1.25663706
11.30973355 -1.25663706
11.37256541 -1.25663706
11.43539726 -1.256637059
11.49822911 -1.256637059
11.56106097 -1.256637058
11.62389282 -1.256637058
11.68672467 -1.256637057
11.74955652 -1.256637056
11.81238838 -1.256637056
11.87522023 -1.256637055
11.93805208 -1.256637055
12.00088394 -1.256637054
12.06371579 -1.256637054
12.12654764 -1.256637054
12.1893795 -1.256637054
12.25221135 -1.256637054
12.3150432 -1.256637054
12.37787506 -1.256637055
12.44070691 -1.256637055
12.50353876 -1.256637056
12.56637061 -1.256637056
12.62920247 -1.256637057
12.69203432 -1.256637058
12.75486617 -1.256637058
12.81769803 -1.256637059
12.88052988 -1.256637059
12.94336173 -1.25663706
13.00619359 -1.25663706
13.06902544 -1.25663706
13.13185729 -1.256637061
13.19468915 -1.256637061
13.257521 -1.256637061
13.32035285 -1.256637061
13.3831847 -1.256637061
13.44601656 -1.256637061
13.50884841 -1.256637061
13.57168026 -1.256637061
13.63451212 -1.256637061
13.69734397 -1.256637061
13.76017582 -1.256637061
13.82300768 -1.256637061
13.88583953 -1.256637061
13.94867138 -1.256637061
14.01150324 -1.256637061
14.07433509 -1.256637061
14.13716694 -1.256637061
14.19999879 -1.256637061
14.26283065 -1.256637061
14.3256625 -1.256637061
14.38849435 -1.256637061
14.45132621 -1.256637061
14.51415806 -1.256637061
14.57698991 -1.256637061
14.63982177 -1.256637061
14.70265362 -1.256637061
14.76548547 -1.256637061
14.82831732 -1.256637061
14.89114918 -1.256637061
14.95398103 -1.256637061
15.01681288 -1.256637061
15.07964474 -1.256637061
15.14247659 -1.256637061
15.20530844 -1.256637061
15.2681403 -1.256637061
15.33097215 -1.256637061
15.393804 -1.256637061
15.45663586 -1.256637061
15.51946771 -1.256637061
15.58229956 -1.256637061
15.64513141 -1.256637061
15.70796327 -1.256637061
15.77079512 -1.256637061
15.83362697 -1.256637061
15.89645883 -1.256637061
15.95929068 -1.256637061
16.02212253 -1.256637061
16.08495439 -1.256637061
16.14778624 -1.256637061
16.21061809 -1.256637061
16.27344995 -1.256637061
16.3362818 -1.256637061
16.39911365 -1.256637061
16.4619455 -1.256637061
16.52477736 -1.256637061
16.58760921 -1.256637061
16.65044106 -1.256637061
16.71327292 -1.256637061
16.77610477 -1.256637061
16.83893662 -1.256637061
16.90176848 -1.256637061
16.96460033 -1.256637061
17.02743218 -1.256637061
17.09026404 -1.256637061
17.15309589 -1.256637061
17.21592774 -1.256637061
17.27875959 -1.256637061
17.34159145 -1.256637061
17.4044233 -1.256637061
17.46725515 -1.256637061
17.53008701 -1.256637061
17.59291886 -1.256637061
17.65575071 -1.256637061
17.71858257 -1.256637061
17.78141442 -1.256637061
17.84424627 -1.256637061
17.90707813 -1.256637061
17.96990998 -1.256637061
18.03274183 -1.256637061
18.09557368 -1.256637061
18.15840554 -1.256637061
18.22123739 -1.256637061
18.28406924 -1.256637061
18.3469011 -1.256637061
18.40973295 -1.256637061
18.4725648 -1.256637061
18.53539666 -1.256637061
18.59822851 -1.256637061
18.66106036 -1.256637061
18.72389222 -1.256637061
18.78672407 -1.256637061
18.84955592 -1.256637061
18.91238777 -1.256637061
18.97521963 -1.256637061
19.03805148 -1.256637061
19.10088333 -1.256637061
19.16371519 -1.256637061
19.22654704 -1.256637061
19.28937889 -1.256637061
19.35221075 -1.256637061
19.4150426 -1.256637061
19.47787445 -1.256637061
19.54070631 -1.256637061
19.60353816 -1.256637061
19.66637001 -1.256637061
19.72920186 -1.256637061
19.79203372 -1.256637061
19.85486557 -1.256637061
19.91769742 -1.256637061
19.98052928 -1.256637061
20.04336113 -1.256637061
20.10619298 -1.256637061
20.16902484 -1.256637061
20.23185669 -1.256637061
20.29468854 -1.256637061
20.3575204 -1.256637061
20.42035225 -1.256637061
20.4831841 -1.256637061
20.54601595 -1.256637061
20.60884781 -1.256637061
20.67167966 -1.256637061
20.73451151 -1.256637061
20.79734337 -1.256637061
20.86017522 -1.256637061
20.92300707 -1.256637061
20.98583893 -1.256637061
21.04867078 -1.256637061
21.11150263 -1.256637061
21.17433449 -1.256637061
21.23716634 -1.256637061
21.29999819 -1.256637061
21.36283004 -1.256637061
21.4256619 -1.256637061
21.48849375 -1.256637061
21.5513256 -1.256637061
21.61415746 -1.256637061
21.67698931 -1.256637061
21.73982116 -1.256637061
21.80265302 -1.256637061
21.86548487 -1.256637061
21.92831672 -1.256637061
21.99114858 -1.256637061
22.05398043 -1.256637061
22.11681228 -1.256637061
22.17964413 -1.256637061
22.24247599 -1.256637061
22.30530784 -1.256637061
22.36813969 -1.256637061
22.43097155 -1.256637061
22.4938034 -1.256637061
22.55663525 -1.256637061
22.61946711 -1.256637061
22.68229896 -1.256637061
22.74513081 -1.256637061
22.80796267 -1.256637061
22.87079452 -1.256637061
22.93362637 -1.256637061
22.99645822 -1.256637061
23.05929008 -1.256637061
23.12212193 -1.256637061
23.18495378 -1.256637061
23.24778564 -1.256637061
23.31061749 -1.256637061
23.37344934 -1.256637061
23.4362812 -1.256637061
23.49911305 -1.256637061
23.5619449 -1.256637061
23.62477675 -1.256637061
23.68760861 -1.256637061
23.75044046 -1.256637061
23.81327231 -1.256637061
23.87610417 -1.256637061
23.93893602 -1.256637061
24.00176787 -1.256637061
24.06459973 -1.256637061
24.12743158 -1.256637061
24.19026343 -1.256637061
24.25309529 -1.256637061
24.31592714 -1.256637061
24.37875899 -1.256637061
24.44159084 -1.256637061
24.5044227 -1.256637061
24.56725455 -1.256637061
24.6300864 -1.256637061
24.69291826 -1.256637061
24.75575011 -1.256637061
24.81858196 -1.256637061
24.88141382 -1.256637061
24.94424567 -1.256637061
25.00707752 -1.256637061
25.06990938 -1.256637061
25.13274123 -1.256637061
25.19557308 -1.256637061
25.25840493 -1.256637061
25.32123679 -1.256637061
25.38406864 -1.256637061
25.44690049 -1.256637061
25.50973235 -1.256637061
25.5725642 -1.256637061
25.63539605 -1.256637061
25.69822791 -1.256637061
25.76105976 -1.256637061
25.82389161 -1.256637061
25.88672347 -1.256637061
25.94955532 -1.256637061
26.01238717 -1.256637061
26.07521902 -1.256637061
26.13805088 -1.256637061
26.20088273 -1.256637061
26.26371458 -1.256637061
26.32654644 -1.256637061
26.38937829 -1.256637061
26.45221014 -1.256637061
26.515042 -1.256637061
26.57787385 -1.256637061
26.6407057 -1.256637061
26.70353756 -1.256637061
26.76636941 -1.256637061
26.82920126 -1.256637061
26.89203311 -1.256637061
26.95486497 -1.256637061
27.01769682 -1.256637061
27.08052867 -1.256637061
27.14336053 -1.256637061
27.20619238 -1.256637061
27.26902423 -1.256637061
27.33185609 -1.256637061
27.39468794 -1.256637061
27.45751979 -1.256637061
27.52035165 -1.256637061
27.5831835 -1.256637061
27.64601535 -1.256637061
27.7088472 -1.256637061
27.77167906 -1.256637061
27.83451091 -1.256637061
27.89734276 -1.256637061
27.96017462 -1.256637061
28.02300647 -1.256637061
28.08583832 -1.256637061
28.14867018 -1.256637061
28.21150203 -1.256637061
28.27433388 -1.256637061
28.33716574 -1.256637061
28.39999759 -1.256637061
28.46282944 -1.256637061
28.52566129 -1.256637061
28.58849315 -1.256637061
28.651325 -1.256637061
28.71415685 -1.256637061
28.77698871 -1.256637061
28.83982056 -1.256637061
28.90265241 -1.256637061
28.96548427 -1.256637061
29.02831612 -1.256637061
29.09114797 -1.256637061
29.15397983 -1.256637061
29.21681168 -1.256637061
29.27964353 -1.256637061
29.34247538 -1.256637061
29.40530724 -1.256637061
29.46813909 -1.256637061
29.53097094 -1.256637061
29.5938028 -1.256637061
29.65663465 -1.256637061
29.7194665 -1.256637061
29.78229836 -1.256637061
29.84513021 -1.256637061
29.90796206 -1.256637061
29.97079392 -1.256637061
30.03362577 -1.256637061
30.09645762 -1.256637061
30.15928947 -1.256637061
30.22212133 -1.256637061
30.28495318 -1.256637061
30.34778503 -1.256637061
30.41061689 -1.256637061
30.47344874 -1.256637061
30.53628059 -1.256637061
30.59911245 -1.256637061
30.6619443 -1.256637061
30.72477615 -1.256637061
30.78760801 -1.256637061
30.85043986 -1.256637061
30.91327171 -1.256637061
30.97610356 -1.256637061
31.03893542 -1.256637061
31.10176727 -1.256637061
31.16459912 -1.256637061
31.22743098 -1.256637061
31.29026283 -1.256637061
31.35309468 -1.256637061
31.41592654 -1.256637061
