1000 1000
-31.41592654 -1
-31.35309468 -1.026178131
-31.29026283 -1.053883972
-31.22743098 -1.081977048
-31.16459912 -1.109289797
-31.10176727 -1.134799064
-31.03893542 -1.157756955
-30.97610356 -1.177743776
-30.91327171 -1.194645177
-30.85043986 -1.20858256
-30.78760801 -1.219829754
-30.72477615 -1.228738468
-30.6619443 -1.235682179
-30.59911245 -1.24101927
-30.53628059 -1.245072117
-30.47344874 -1.248117741
-30.41061689 -1.250386097
-30.34778503 -1.252062899
-30.28495318 -1.253294804
-30.22212133 -1.254195469
-30.15928947 -1.254851596
-30.09645762 -1.255328448
-30.03362577 -1.255674593
-29.97079392 -1.255925843
-29.90796206 -1.256108397
-29.84513021 -1.256241307
-29.78229836 -1.256338361
-29.7194665 -1.256409503
-29.65663465 -1.256461889
-29.5938028 -1.256500666
-29.53097094 -1.256529533
-29.46813909 -1.256551151
-29.40530724 -1.256567438
-29.34247538 -1.256579781
-29.27964353 -1.256589184
-29.21681168 -1.256596375
-29.15397983 -1.256601886
-29.09114797 -1.256606106
-29.02831612 -1.256609318
-28.96548427 -1.256611727
-28.90265241 -1.256613481
-28.83982056 -1.256614686
-28.77698871 -1.25661541
-28.71415685 -1.256615694
-28.651325 -1.256615554
-28.58849315 -1.256614982
-28.52566129 -1.256613946
-28.46282944 -1.256612387
-28.39999759 -1.256610214
-28.33716574 -1.256607293
-28.27433388 -1.256603441
-28.21150203 -1.256598404
-28.14867018 -1.256591832
-28.08583832 -1.256583247
-28.02300647 -1.256571995
-27.96017462 -1.256557174
-27.89734276 -1.256537542
-27.83451091 -1.256511381
-27.77167906 -1.256476308
-27.7088472 -1.256429014
-27.64601535 -1.256364897
-27.5831835 -1.256277553
-27.52035165 -1.256158082
-27.45751979 -1.255994133
-27.39468794 -1.255768616
-27.33185609 -1.255457988
-27.26902423 -1.255029997
-27.20619238 -1.254440776
-27.14336053 -1.253631185
-27.08052867 -1.252522334
-27.01769682 -1.25101031
-26.95486497 -1.248960272
-26.89203311 -1.246200317
-26.82920126 -1.242515869
-26.76636941 -1.237645848
-26.70353756 -1.231282556
-26.6407057 -1.223078043
-26.57787385 -1.212660633
-26.515042 -1.199665939
-26.45221014 -1.183786287
-26.38937829 -1.164839583
-26.32654644 -1.142851519
-26.26371458 -1.118133151
-26.20088273 -1.091323425
-26.13805088 -1.063363868
-26.07521902 -1.035391785
-26.01238717 -1.008576153
-25.94955532 -0.9839526494
-25.88672347 -0.9623141171
-25.82389161 -0.9441804872
-25.76105976 -0.9298346338
-25.69822791 -0.9193918924
-25.63539605 -0.9128733446
-25.5725642 -0.9102648983
-25.50973235 -0.9115550331
-25.44690049 -0.9167498669
-25.38406864 -0.925865713
-25.32123679 -0.9388989928
-25.25840493 -0.955773968
-25.19557308 -0.9762728787
-25.13274123 -0.999962335
-25.06990938 -1.026142242
-25.00707752 -1.053850631
-24.94424567 -1.081946942
-24.88141382 -1.109263406
-24.81858196 -1.134776588
-24.75575011 -1.157738316
-24.69291826 -1.177728679
-24.6300864 -1.194633195
-24.56725455 -1.208573213
-24.5044227 -1.219822566
-24.44159084 -1.228733007
-24.37875899 -1.235678071
-24.31592714 -1.241016206
-24.25309529 -1.245069847
-24.19026343 -1.248116069
-24.12743158 -1.250384869
-24.06459973 -1.252062001
-24.00176787 -1.253294147
-23.93893602 -1.254194989
-23.87610417 -1.254851246
-23.81327231 -1.255328191
-23.75044046 -1.255674404
-23.68760861 -1.255925703
-23.62477675 -1.256108293
-23.5619449 -1.256241229
-23.49911305 -1.256338302
-23.4362812 -1.256409458
-23.37344934 -1.256461855
-23.31061749 -1.25650064
-23.24778564 -1.256529512
-23.18495378 -1.256551134
-23.12212193 -1.256567425
-23.05929008 -1.25657977
-22.99645822 -1.256589174
-22.93362637 -1.256596367
-22.87079452 -1.25660188
-22.80796267 -1.2566061
-22.74513081 -1.256609313
-22.68229896 -1.256611722
-22.61946711 -1.256613477
-22.55663525 -1.256614682
-22.4938034 -1.256615405
-22.43097155 -1.256615689
-22.36813969 -1.256615549
-22.30530784 -1.256614977
-22.24247599 -1.256613941
-22.17964413 -1.256612382
-22.11681228 -1.256610208
-22.05398043 -1.256607287
-21.99114858 -1.256603435
-21.92831672 -1.256598396
-21.86548487 -1.256591823
-21.80265302 -1.256583237
-21.73982116 -1.256571982
-21.67698931 -1.256557159
-21.61415746 -1.256537523
-21.5513256 -1.256511357
-21.48849375 -1.256476277
-21.4256619 -1.256428973
-21.36283004 -1.256364843
-21.29999819 -1.256277482
-21.23716634 -1.256157988
-21.17433449 -1.255994006
-21.11150263 -1.255768445
-21.04867078 -1.255457756
-20.98583893 -1.255029681
-20.92300707 -1.254440345
-20.86017522 -1.253630595
-20.79734337 -1.252521526
-20.73451151 -1.251009205
-20.67167966 -1.248958765
-20.60884781 -1.246198268
-20.54601595 -1.242513098
-20.4831841 -1.237642124
-20.42035225 -1.23127759
-20.3575204 -1.223071483
-20.29468854 -1.212652065
-20.23185669 -1.1996549
-20.16902484 -1.183772293
-20.10619298 -1.16482218
-20.04336113 -1.142830357
-19.98052928 -1.118108072
-19.91769742 -1.09129453
-19.85486557 -1.063331548
-19.79203372 -1.03535667
-19.72920186 -1.008539001
-19.66637001 -0.9839142131
-19.60353816 -0.9622750327
-19.54070631 -0.9441412116
-19.47787445 -0.9297954355
-19.4150426 -0.9193528772
-19.35221075 -0.9128344977
-19.28937889 -0.9102261302
-19.22654704 -0.9115162252
-19.16371519 -0.916710915
-19.10088333 -0.9258265717
-19.03805148 -0.9388597221
-18.97521963 -0.9557347775
-18.91238777 -0.9762341604
-18.84955592 -0.9999246682
-18.78672407 -1.02610635
-18.72389222 -1.053817286
-18.66106036 -1.081916832
-18.59822851 -1.109237011
-18.53539666 -1.134754108
-18.4725648 -1.157719674
-18.40973295 -1.177713581
-18.3469011 -1.194621212
-18.28406924 -1.208563863
-18.22123739 -1.219815376
-18.15840554 -1.228727544
-18.09557368 -1.235673962
-18.03274183 -1.241013141
-17.96990998 -1.245067576
-17.90707813 -1.248114396
-17.84424627 -1.250383642
-17.78141442 -1.252061103
-17.71858257 -1.253293491
-17.65575071 -1.254194509
-17.59291886 -1.254850895
-17.53008701 -1.255327934
-17.46725515 -1.255674215
-17.4044233 -1.255925563
-17.34159145 -1.256108189
-17.27875959 -1.256241152
-17.21592774 -1.256338244
-17.15309589 -1.256409413
-17.09026404 -1.256461821
-17.02743218 -1.256500613
-16.96460033 -1.256529491
-16.90176848 -1.256551117
-16.83893662 -1.256567411
-16.77610477 -1.256579759
-16.71327292 -1.256589165
-16.65044106 -1.256596359
-16.58760921 -1.256601873
-16.52477736 -1.256606094
-16.4619455 -1.256609307
-16.39911365 -1.256611717
-16.3362818 -1.256613472
-16.27344995 -1.256614677
-16.21061809 -1.256615401
-16.14778624 -1.256615685
-16.08495439 -1.256615545
-16.02212253 -1.256614973
-15.95929068 -1.256613937
-15.89645883 -1.256612377
-15.83362697 -1.256610203
-15.77079512 -1.256607282
-15.70796327 -1.256603428
-15.64513141 -1.256598389
-15.58229956 -1.256591814
-15.51946771 -1.256583226
-15.45663586 -1.256571969
-15.393804 -1.256557143
-15.33097215 -1.256537503
-15.2681403 -1.256511332
-15.20530844 -1.256476245
-15.14247659 -1.256428933
-15.07964474 -1.25636479
-15.01681288 -1.256277412
-14.95398103 -1.256157894
-14.89114918 -1.25599388
-14.82831732 -1.255768275
-14.76548547 -1.255457525
-14.70265362 -1.255029366
-14.63982177 -1.254439914
-14.57698991 -1.253630005
-14.51415806 -1.252520718
-14.45132621 -1.2510081
-14.38849435 -1.248957257
-14.3256625 -1.246196219
-14.26283065 -1.242510326
-14.19999879 -1.237638399
-14.13716694 -1.231272623
-14.07433509 -1.223064921
-14.01150324 -1.212643496
-13.94867138 -1.19964386
-13.88583953 -1.183758297
-13.82300768 -1.164804774
-13.76017582 -1.142809193
-13.69734397 -1.118082989
-13.63451212 -1.091265632
-13.57168026 -1.063299224
-13.50884841 -1.035321551
-13.44601656 -1.008501846
-13.3831847 -0.9838757755
-13.32035285 -0.9622359478
-13.257521 -0.9441019362
-13.19468915 -0.9297562379
-13.13185729 -0.9193138632
-13.06902544 -0.9127956521
-13.00619359 -0.9101873637
-12.94336173 -0.9114774187
-12.88052988 -0.9166719642
-12.81769803 -0.9257874314
-12.75486617 -0.9388204519
-12.69203432 -0.9556955868
-12.62920247 -0.9761954412
-12.56637061 -0.9998869994
-12.50353876 -1.026070456
-12.44070691 -1.053783938
-12.37787506 -1.081886719
-12.3150432 -1.109210613
-12.25221135 -1.134731625
-12.1893795 -1.157701029
-12.12654764 -1.177698479
-12.06371579 -1.194609226
-12.00088394 -1.208554512
-11.93805208 -1.219808185
-11.87522023 -1.22872208
-11.81238838 -1.235669852
-11.74955652 -1.241010076
-11.68672467 -1.245065305
-11.62389282 -1.248112722
-11.56106097 -1.250382414
-11.49822911 -1.252060204
-11.43539726 -1.253292834
-11.37256541 -1.25419403
-11.30973355 -1.254850544
-11.2469017 -1.255327676
-11.18406985 -1.255674026
-11.12123799 -1.255925423
-11.05840614 -1.256108085
-10.99557429 -1.256241074
-10.93274243 -1.256338185
-10.86991058 -1.256409368
-10.80707873 -1.256461786
-10.74424688 -1.256500586
-10.68141502 -1.25652947
-10.61858317 -1.2565511
-10.55575132 -1.256567397
-10.49291946 -1.256579747
-10.43008761 -1.256589155
-10.36725576 -1.256596351
-10.3044239 -1.256601866
-10.24159205 -1.256606088
-10.1787602 -1.256609302
-10.11592834 -1.256611712
-10.05309649 -1.256613468
-9.990264638 -1.256614673
-9.927432785 -1.256615397
-9.864600932 -1.256615681
-9.801769079 -1.256615541
-9.738937226 -1.256614969
-9.676105373 -1.256613932
-9.61327352 -1.256612373
-9.550441667 -1.256610198
-9.487609814 -1.256607276
-9.424777961 -1.256603422
-9.361946108 -1.256598381
-9.299114255 -1.256591805
-9.236282402 -1.256583215
-9.173450548 -1.256571957
-9.110618695 -1.256557127
-9.047786842 -1.256537484
-8.984954989 -1.256511307
-8.922123136 -1.256476214
-8.859291283 -1.256428892
-8.79645943 -1.256364736
-8.733627577 -1.256277341
-8.670795724 -1.2561578
-8.607963871 -1.255993754
-8.545132018 -1.255768104
-8.482300165 -1.255457293
-8.419468312 -1.25502905
-8.356636459 -1.254439482
-8.293804605 -1.253629414
-8.230972752 -1.252519909
-8.168140899 -1.251006994
-8.105309046 -1.248955749
-8.042477193 -1.246194169
-7.97964534 -1.242507554
-7.916813487 -1.237634673
-7.853981634 -1.231267654
-7.791149781 -1.223058359
-7.728317928 -1.212634925
-7.665486075 -1.199632817
-7.602654222 -1.183744298
-7.539822369 -1.164787365
-7.476990516 -1.142788025
-7.414158662 -1.118057902
-7.351326809 -1.09123673
-7.288494956 -1.063266898
-7.225663103 -1.035286429
-7.16283125 -1.008464689
-7.099999397 -0.9838373366
-7.037167544 -0.9621968624
-6.974335691 -0.944062661
-6.911503838 -0.9297170411
-6.848671985 -0.9192748503
-6.785840132 -0.9127568079
-6.723008279 -0.9101485986
-6.660176426 -0.9114386137
-6.597344573 -0.9166330147
-6.534512719 -0.9257482919
-6.471680866 -0.938781182
-6.408849013 -0.9556563958
-6.34601716 -0.9761567208
-6.283185307 -0.9998493289
-6.220353454 -1.026034559
-6.157521601 -1.053750587
-6.094689748 -1.081856602
-6.031857895 -1.10918421
-5.969026042 -1.134709138
-5.906194189 -1.157682381
-5.843362336 -1.177683375
-5.780530483 -1.194597238
-5.71769863 -1.20854516
-5.654866776 -1.219800993
-5.592034923 -1.228716616
-5.52920307 -1.235665742
-5.466371217 -1.24100701
-5.403539364 -1.245063034
-5.340707511 -1.248111049
-5.277875658 -1.250381185
-5.215043805 -1.252059305
-5.152211952 -1.253292177
-5.089380099 -1.25419355
-5.026548246 -1.254850193
-4.963716393 -1.255327419
-4.90088454 -1.255673837
-4.838052687 -1.255925284
-4.775220833 -1.256107982
-4.71238898 -1.256240996
-4.649557127 -1.256338126
-4.586725274 -1.256409324
-4.523893421 -1.256461752
-4.461061568 -1.256500559
-4.398229715 -1.256529449
-4.335397862 -1.256551083
-4.272566009 -1.256567384
-4.209734156 -1.256579736
-4.146902303 -1.256589146
-4.08407045 -1.256596343
-4.021238597 -1.256601859
-3.958406744 -1.256606082
-3.89557489 -1.256609296
-3.832743037 -1.256611707
-3.769911184 -1.256613463
-3.707079331 -1.256614668
-3.644247478 -1.256615393
-3.581415625 -1.256615677
-3.518583772 -1.256615537
-3.455751919 -1.256614964
-3.392920066 -1.256613928
-3.330088213 -1.256612368
-3.26725636 -1.256610192
-3.204424507 -1.25660727
-3.141592654 -1.256603415
-3.078760801 -1.256598374
-3.015928947 -1.256591796
-2.953097094 -1.256583205
-2.890265241 -1.256571944
-2.827433388 -1.256557111
-2.764601535 -1.256537464
-2.701769682 -1.256511282
-2.638937829 -1.256476182
-2.576105976 -1.256428851
-2.513274123 -1.256364683
-2.45044227 -1.25627727
-2.387610417 -1.256157706
-2.324778564 -1.255993627
-2.261946711 -1.255767933
-2.199114858 -1.255457061
-2.136283004 -1.255028734
-2.073451151 -1.25443905
-2.010619298 -1.253628823
-1.947787445 -1.252519101
-1.884955592 -1.251005889
-1.822123739 -1.248954241
-1.759291886 -1.246192119
-1.696460033 -1.242504781
-1.63362818 -1.237630946
-1.570796327 -1.231262685
-1.507964474 -1.223051795
-1.445132621 -1.212626353
-1.382300768 -1.199621772
-1.319468915 -1.183730297
-1.256637061 -1.164769954
-1.193805208 -1.142766853
-1.130973355 -1.118032812
-1.068141502 -1.091207825
-1.005309649 -1.063234568
-0.9424777961 -1.035251305
-0.879645943 -1.00842753
-0.8168140899 -0.9837988964
-0.7539822369 -0.9621577765
-0.6911503838 -0.9440233859
-0.6283185307 -0.929677845
-0.5654866776 -0.9192358385
-0.5026548246 -0.9127179651
-0.4398229715 -0.910109835
-0.3769911184 -0.9113998101
-0.3141592654 -0.9165940664
-0.2513274123 -0.9257091533
-0.1884955592 -0.9387419125
-0.1256637061 -0.9556172045
-0.06283185307 -0.9761179995
-1.50879309e-013 -0.9998116565
0.06283185307 -1.025998659
0.1256637061 -1.053717233
0.1884955592 -1.081826481
0.2513274123 -1.109157804
0.3141592654 -1.134686648
0.3769911184 -1.15766373
0.4398229715 -1.177668269
0.5026548246 -1.194585248
0.5654866776 -1.208535805
0.6283185307 -1.219793799
0.6911503838 -1.22871115
0.7539822369 -1.235661631
0.8168140899 -1.241003943
0.879645943 -1.245060762
0.9424777961 -1.248109375
1.005309649 -1.250379957
1.068141502 -1.252058406
1.130973355 -1.253291521
1.193805208 -1.25419307
1.256637061 -1.254849842
1.319468915 -1.255327162
1.382300768 -1.255673647
1.445132621 -1.255925144
1.507964474 -1.256107878
1.570796327 -1.256240918
1.63362818 -1.256338067
1.696460033 -1.256409279
1.759291886 -1.256461717
1.822123739 -1.256500532
1.884955592 -1.256529427
1.947787445 -1.256551067
2.010619298 -1.25656737
2.073451151 -1.256579725
2.136283004 -1.256589137
2.199114858 -1.256596335
2.261946711 -1.256601852
2.324778564 -1.256606076
2.387610417 -1.256609291
2.45044227 -1.256611702
2.513274123 -1.256613458
2.576105976 -1.256614664
2.638937829 -1.256615388
2.701769682 -1.256615673
2.764601535 -1.256615532
2.827433388 -1.25661496
2.890265241 -1.256613923
2.953097094 -1.256612363
3.015928947 -1.256610187
3.078760801 -1.256607264
3.141592654 -1.256603408
3.204424507 -1.256598366
3.26725636 -1.256591787
3.330088213 -1.256583194
3.392920066 -1.256571931
3.455751919 -1.256557096
3.518583772 -1.256537445
3.581415625 -1.256511258
3.644247478 -1.25647615
3.707079331 -1.25642881
3.769911184 -1.256364629
3.832743037 -1.2562772
3.89557489 -1.256157612
3.958406744 -1.255993501
4.021238597 -1.255767763
4.08407045 -1.25545683
4.146902303 -1.255028418
4.209734156 -1.254438619
4.272566009 -1.253628233
4.335397862 -1.252518292
4.398229715 -1.251004783
4.461061568 -1.248952732
4.523893421 -1.246190069
4.586725274 -1.242502008
4.649557127 -1.237627219
4.71238898 -1.231257715
4.775220833 -1.22304523
4.838052687 -1.212617779
4.90088454 -1.199610726
4.963716393 -1.183716293
5.026548246 -1.164752539
5.089380099 -1.142745678
5.152211952 -1.118007718
5.215043805 -1.091178915
5.277875658 -1.063202234
5.340707511 -1.035216178
5.403539364 -1.008390369
5.466371217 -0.9837604549
5.52920307 -0.9621186902
5.592034923 -0.9439841111
5.654866776 -0.9296386497
5.71769863 -0.9191968278
5.780530483 -0.9126791237
5.843362336 -0.9100710728
5.906194189 -0.9113610079
5.969026042 -0.9165551194
6.031857895 -0.9256700156
6.094689748 -0.9387026435
6.157521601 -0.955578013
6.220353454 -0.9760792772
6.283185307 -0.9997739822
6.34601716 -1.025962757
6.408849013 -1.053683875
6.471680866 -1.081796357
6.534512719 -1.109131395
6.597344573 -1.134664154
6.660176426 -1.157645076
6.723008279 -1.177653159
6.785840132 -1.194573256
6.848671985 -1.208526449
6.911503838 -1.219786604
6.974335691 -1.228705683
7.037167544 -1.235657519
7.099999397 -1.241000876
7.16283125 -1.24505849
7.225663103 -1.2481077
7.288494956 -1.250378728
7.351326809 -1.252057507
7.414158662 -1.253290863
7.476990516 -1.25419259
7.539822369 -1.254849491
7.602654222 -1.255326905
7.665486075 -1.255673458
7.728317928 -1.255925004
7.791149781 -1.256107774
7.853981634 -1.256240841
7.916813487 -1.256338009
7.97964534 -1.256409234
8.042477193 -1.256461683
8.105309046 -1.256500506
8.168140899 -1.256529406
8.230972752 -1.25655105
8.293804605 -1.256567356
8.356636459 -1.256579714
8.419468312 -1.256589127
8.482300165 -1.256596327
8.545132018 -1.256601845
8.607963871 -1.25660607
8.670795724 -1.256609285
8.733627577 -1.256611697
8.79645943 -1.256613454
8.859291283 -1.25661466
8.922123136 -1.256615384
8.984954989 -1.256615668
9.047786842 -1.256615528
9.110618695 -1.256614956
9.173450548 -1.256613919
9.236282402 -1.256612358
9.299114255 -1.256610182
9.361946108 -1.256607258
9.424777961 -1.256603402
9.487609814 -1.256598358
9.550441667 -1.256591778
9.61327352 -1.256583184
9.676105373 -1.256571918
9.738937226 -1.25655708
9.801769079 -1.256537425
9.864600932 -1.256511233
9.927432785 -1.256476119
9.990264638 -1.256428769
10.05309649 -1.256364576
10.11592834 -1.256277129
10.1787602 -1.256157517
10.24159205 -1.255993375
10.3044239 -1.255767592
10.36725576 -1.255456598
10.43008761 -1.255028102
10.49291946 -1.254438187
10.55575132 -1.253627642
10.61858317 -1.252517483
10.68141502 -1.251003677
10.74424688 -1.248951223
10.80707873 -1.246188018
10.86991058 -1.242499234
10.93274243 -1.237623491
10.99557429 -1.231252744
11.05840614 -1.223038663
11.12123799 -1.212609203
11.18406985 -1.199599677
11.2469017 -1.183702287
11.30973355 -1.164735122
11.37256541 -1.1427245
11.43539726 -1.11798262
11.49822911 -1.091150003
11.56106097 -1.063169897
11.62389282 -1.035181048
11.68672467 -1.008353205
11.74955652 -0.9837220121
11.81238838 -0.9620796033
11.87522023 -0.9439448364
11.93805208 -0.9295994551
12.00088394 -0.9191578184
12.06371579 -0.9126402837
12.12654764 -0.9100323122
12.1893795 -0.9113222072
12.25221135 -0.9165161736
12.3150432 -0.9256308788
12.37787506 -0.9386633748
12.44070691 -0.9555388212
12.50353876 -0.9760405538
12.56637061 -0.9997363061
12.62920247 -1.025926852
12.69203432 -1.053650514
12.75486617 -1.081766229
12.81769803 -1.109104981
12.88052988 -1.134641657
12.94336173 -1.157626419
13.00619359 -1.177638047
13.06902544 -1.194561262
13.13185729 -1.208517091
13.19468915 -1.219779408
13.257521 -1.228700215
13.32035285 -1.235653406
13.3831847 -1.240997808
13.44601656 -1.245056217
13.50884841 -1.248106026
13.57168026 -1.250377499
13.63451212 -1.252056608
13.69734397 -1.253290206
13.76017582 -1.25419211
13.82300768 -1.25484914
13.88583953 -1.255326648
13.94867138 -1.255673269
14.01150324 -1.255924864
14.07433509 -1.25610767
14.13716694 -1.256240763
14.19999879 -1.25633795
14.26283065 -1.25640919
14.3256625 -1.256461648
14.38849435 -1.256500479
14.45132621 -1.256529385
14.51415806 -1.256551033
14.57698991 -1.256567343
14.63982177 -1.256579702
14.70265362 -1.256589118
14.76548547 -1.256596319
14.82831732 -1.256601838
14.89114918 -1.256606064
14.95398103 -1.25660928
15.01681288 -1.256611692
15.07964474 -1.256613449
15.14247659 -1.256614655
15.20530844 -1.25661538
15.2681403 -1.256615664
15.33097215 -1.256615524
15.393804 -1.256614951
15.45663586 -1.256613914
15.51946771 -1.256612353
15.58229956 -1.256610177
15.64513141 -1.256607252
15.70796327 -1.256603395
15.77079512 -1.256598351
15.83362697 -1.25659177
15.89645883 -1.256583173
15.95929068 -1.256571905
16.02212253 -1.256557064
16.08495439 -1.256537406
16.14778624 -1.256511208
16.21061809 -1.256476087
16.27344995 -1.256428728
16.3362818 -1.256364522
16.39911365 -1.256277058
16.4619455 -1.256157423
16.52477736 -1.255993248
16.58760921 -1.255767421
16.65044106 -1.255456366
16.71327292 -1.255027786
16.77610477 -1.254437755
16.83893662 -1.253627051
16.90176848 -1.252516674
16.96460033 -1.251002571
17.02743218 -1.248949714
17.09026404 -1.246185967
17.15309589 -1.24249646
17.21592774 -1.237619763
17.27875959 -1.231247772
17.34159145 -1.223032096
17.4044233 -1.212600626
17.46725515 -1.199588627
17.53008701 -1.183688278
17.59291886 -1.164717701
17.65575071 -1.142703319
17.71858257 -1.117957519
17.78141442 -1.091121086
17.84424627 -1.063137557
17.90707813 -1.035145915
17.96990998 -1.00831604
18.03274183 -0.983683568
18.09557368 -0.9620405159
18.15840554 -0.943905562
18.22123739 -0.9295602613
18.28406924 -0.91911881
18.3469011 -0.912601445
18.40973295 -0.909993553
18.4725648 -0.9112834079
18.53539666 -0.9164772291
18.59822851 -0.9255917429
18.66106036 -0.9386241066
18.72389222 -0.9554996292
18.78672407 -0.9760018294
18.84955592 -0.9996986282
18.91238777 -1.025890945
18.97521963 -1.05361715
19.03805148 -1.081736098
19.10088333 -1.109078564
19.16371519 -1.134619156
19.22654704 -1.157607758
19.28937889 -1.177622933
19.35221075 -1.194549265
19.4150426 -1.208507732
19.47787445 -1.21977221
19.54070631 -1.228694746
19.60353816 -1.235649292
19.66637001 -1.24099474
19.72920186 -1.245053944
19.79203372 -1.248104351
19.85486557 -1.25037627
19.91769742 -1.252055708
19.98052928 -1.253289549
20.04336113 -1.25419163
20.10619298 -1.254848789
20.16902484 -1.25532639
20.23185669 -1.25567308
20.29468854 -1.255924724
20.3575204 -1.256107566
20.42035225 -1.256240685
20.4831841 -1.256337891
20.54601595 -1.256409145
20.60884781 -1.256461614
20.67167966 -1.256500452
20.73451151 -1.256529364
20.79734337 -1.256551016
20.86017522 -1.256567329
20.92300707 -1.256579691
20.98583893 -1.256589108
21.04867078 -1.256596311
21.11150263 -1.256601831
21.17433449 -1.256606058
21.23716634 -1.256609274
21.29999819 -1.256611687
21.36283004 -1.256613444
21.4256619 -1.256614651
21.48849375 -1.256615376
21.5513256 -1.25661566
21.61415746 -1.25661552
21.67698931 -1.256614947
21.73982116 -1.25661391
21.80265302 -1.256612348
21.86548487 -1.256610171
21.92831672 -1.256607246
21.99114858 -1.256603389
22.05398043 -1.256598343
22.11681228 -1.256591761
22.17964413 -1.256583163
22.24247599 -1.256571893
22.30530784 -1.256557049
22.36813969 -1.256537386
22.43097155 -1.256511184
22.4938034 -1.256476056
22.55663525 -1.256428687
22.61946711 -1.256364469
22.68229896 -1.256276988
22.74513081 -1.256157329
22.80796267 -1.255993122
22.87079452 -1.25576725
22.93362637 -1.255456134
22.99645822 -1.25502747
23.05929008 -1.254437323
23.12212193 -1.25362646
23.18495378 -1.252515865
23.24778564 -1.251001464
23.31061749 -1.248948205
23.37344934 -1.246183915
23.4362812 -1.242493685
23.49911305 -1.237616034
23.5619449 -1.231242799
23.62477675 -1.223025527
23.68760861 -1.212592047
23.75044046 -1.199577574
23.81327231 -1.183674267
23.87610417 -1.164700278
23.93893602 -1.142682134
24.00176787 -1.117932414
24.06459973 -1.091092166
24.12743158 -1.063105213
24.19026343 -1.035110779
24.25309529 -1.008278873
24.31592714 -0.9836451226
24.37875899 -0.962001428
24.44159084 -0.9438662877
24.5044227 -0.9295210682
24.56725455 -0.9190798028
24.6300864 -0.9125626078
24.69291826 -0.9099547953
24.75575011 -0.91124461
24.81858196 -0.9164382858
24.88141382 -0.9255526079
24.94424567 -0.9385848387
25.00707752 -0.9554604369
25.06990938 -0.9759631039
25.13274123 -0.9996609484
25.19557308 -1.025855035
25.25840493 -1.053583783
25.32123679 -1.081705963
25.38406864 -1.109052144
25.44690049 -1.134596652
25.50973235 -1.157589095
25.5725642 -1.177607815
25.63539605 -1.194537267
25.69822791 -1.208498371
25.76105976 -1.219765011
25.82389161 -1.228689277
25.88672347 -1.235645178
25.94955532 -1.240991671
26.01238717 -1.245051671
26.07521902 -1.248102675
26.13805088 -1.250375041
26.20088273 -1.252054808
26.26371458 -1.253288892
26.32654644 -1.25419115
26.38937829 -1.254848438
26.45221014 -1.255326133
26.515042 -1.25567289
26.57787385 -1.255924584
26.6407057 -1.256107462
26.70353756 -1.256240607
26.76636941 -1.256337832
26.82920126 -1.2564091
26.89203311 -1.256461579
26.95486497 -1.256500425
27.01769682 -1.256529343
27.08052867 -1.256550999
27.14336053 -1.256567315
27.20619238 -1.25657968
27.26902423 -1.256589099
27.33185609 -1.256596303
27.39468794 -1.256601824
27.45751979 -1.256606052
27.52035165 -1.256609269
27.5831835 -1.256611682
27.64601535 -1.25661344
27.7088472 -1.256614646
27.77167906 -1.256615371
27.83451091 -1.256615656
27.89734276 -1.256615515
27.96017462 -1.256614943
28.02300647 -1.256613905
28.08583832 -1.256612344
28.14867018 -1.256610166
28.21150203 -1.256607241
28.27433388 -1.256603382
28.33716574 -1.256598336
28.39999759 -1.256591752
28.46282944 -1.256583152
28.52566129 -1.25657188
28.58849315 -1.256557033
28.651325 -1.256537366
28.71415685 -1.256511159
28.77698871 -1.256476024
28.83982056 -1.256428646
28.90265241 -1.256364415
28.96548427 -1.256276917
29.02831612 -1.256157235
29.09114797 -1.255992995
29.15397983 -1.255767079
29.21681168 -1.255455902
29.27964353 -1.255027154
29.34247538 -1.254436891
29.40530724 -1.253625868
29.46813909 -1.252515056
29.53097094 -1.251000358
29.5938028 -1.248946695
29.65663465 -1.246181863
29.7194665 -1.24249091
29.78229836 -1.237612304
29.84513021 -1.231237825
29.90796206 -1.223018957
29.97079392 -1.212583467
30.03362577 -1.199566519
30.09645762 -1.183660254
30.15928947 -1.164682851
30.22212133 -1.142660945
30.28495318 -1.117907306
30.34778503 -1.091063242
30.41061689 -1.063072866
30.47344874 -1.03507564
30.53628059 -1.008241703
30.59911245 -0.9836066759
30.6619443 -0.9619623396
30.72477615 -0.9438270136
30.78760801 -0.9294818759
30.85043986 -0.9190407967
30.91327171 -0.9125237719
30.97610356 -0.9099160391
31.03893542 -0.9112058136
31.10176727 -0.9163993437
31.16459912 -0.9255134738
31.22743098 -0.9385455712
31.29026283 -0.9554212444
31.35309468 -0.9759243775
31.41592654 -0.9996232668
