100 100
-31.41592654 -1
-30.78760801 -1.214392693
-30.15928947 -1.210921887
-29.53097094 -1.22562353
-28.90265241 -1.250544811
-28.27433388 -1.247982675
-27.64601535 -1.192467259
-27.01769682 -0.8426374637
-26.38937829 -0.6929236236
-25.76105976 -0.6414823504
-25.13274123 -0.647012613
-24.5044227 -0.7629609736
-23.87610417 -1.189480263
-23.24778564 -1.222595776
-22.61946711 -1.249934465
-21.99114858 -1.247115817
-21.36283004 -1.186159588
-20.73451151 -0.8280001393
-20.10619298 -0.6849181516
-19.47787445 -0.6397278567
-18.84955592 -0.6445226468
-18.22123739 -0.7460902689
-17.59291886 -1.162767114
-16.96460033 -1.225261056
-16.3362818 -1.250471957
-15.70796327 -1.2478792
-15.07964474 -1.191712645
-14.45132621 -0.8409238462
-13.82300768 -0.6919983703
-13.19468915 -0.6412769489
-12.56637061 -0.6467211475
-11.93805208 -0.761010511
-11.30973355 -1.186838572
-10.68141502 -1.22265563
-10.05309649 -1.249946571
-9.424777961 -1.24713301
-8.79645943 -1.186284378
-8.168140899 -0.8282954604
-7.539822369 -0.6850803704
-6.911503838 -0.6397629155
-6.283185307 -0.6445724092
-5.654866776 -0.7464319087
-5.026548246 -1.163390437
-4.398229715 -1.22517679
-3.769911184 -1.250455012
-3.141592654 -1.247855133
-2.513274123 -1.191537197
-1.884955592 -0.8405237266
-1.256637061 -0.6917815673
-0.6283185307 -0.6412289218
0 -0.6466529953
0.6283185307 -0.7605534838
1.256637061 -1.186202073
1.884955592 -1.222680651
2.513274123 -1.249951632
3.141592654 -1.247140197
3.769911184 -1.186336543
4.398229715 -0.8284188601
5.026548246 -0.6851481672
5.654866776 -0.6397775736
6.283185307 -0.6445932147
6.911503838 -0.7465746958
7.539822369 -1.163650018
8.168140899 -1.225141565
8.79645943 -1.250447928
9.424777961 -1.247845071
10.05309649 -1.191463853
10.68141502 -0.8403562769
11.30973355 -0.6916907559
11.93805208 -0.6412088163
12.56637061 -0.6466244648
13.19468915 -0.760362051
13.82300768 -1.185933499
14.45132621 -1.222692376
15.07964474 -1.249954003
15.70796327 -1.247143564
16.3362818 -1.186360988
16.96460033 -0.8284766732
17.59291886 -0.6851799329
18.22123739 -0.6397844428
18.84955592 -0.6446029647
19.47787445 -0.7466415984
20.10619298 -1.163771454
20.73451151 -1.225125062
21.36283004 -1.250444609
21.99114858 -1.247840357
22.61946711 -1.191429492
23.24778564 -0.8402777906
23.87610417 -0.6916481754
24.5044227 -0.6411993914
25.13274123 -0.6466110903
25.76105976 -0.7602722903
26.38937829 -1.185807169
27.01769682 -1.222698126
27.64601535 -1.249955166
28.27433388 -1.247145216
28.90265241 -1.186372977
29.53097094 -0.8285050253
30.15928947 -0.6851955117
30.78760801 -0.6397878119
31.41592654 -0.6446077467
